70.5849 6.06758 90.0655
70.1217 5.98248 90.9219
70.145 6.09336 91.7783
70.0639 6.17761 92.6347
70.0956 6.33724 93.4912
70.028 6.56711 94.3476
69.922 6.83703 95.204
69.9804 7.17282 96.0604
69.7939 7.56094 96.9168
69.6373 7.98853 97.7733
69.6552 8.47249 98.6297
69.5721 8.98943 99.4861
69.4442 9.54559 100.343
69.3977 10.125 101.199
69.3913 10.7326 102.055
69.2139 11.3281 102.912
69.1866 11.9299 103.768
69.0765 12.515 104.625
68.9618 13.0945 105.481
68.7959 13.636 106.337
68.6846 14.1558 107.194
68.5295 14.6347 108.05
68.5676 15.0699 108.907
68.5489 15.4552 109.763
68.6029 15.8092 110.62
68.6717 16.1327 111.476
68.7651 16.4422 112.332
68.5994 16.7411 113.189
68.6293 17.0276 114.045
68.4586 17.3043 114.902
68.3122 17.5615 115.758
68.0939 17.7958 116.614
68.0171 17.9977 117.471
67.9553 18.1758 118.327
68.1032 18.3346 119.184
68.2995 18.48 120.04
68.7915 18.6114 120.897
68.9157 18.747 121.753
