0 -94.0993 24.8461
0 -97.142 18.1278
0 -101.155 13.0307
0 -105.199 6.85339
0 -109.69 0.666795
0 -113.616 -7.59751
0 -113.175 -15.4119
0 -107.361 -21.9713
0 -101.522 -26.2646
-12.3474 -89.4024 29.3515
-11.188 -90.074 19.7657
-11.4577 -93.8368 13.429
-11.0142 -97.6932 7.1108
-10.382 -101.782 1.291
-10.5261 -106.998 -5.86411
-9.3462 -109.03 -13.4768
-15.2684 -96.3482 -1.8235
-18.834 -94.7733 -12.2102
-14.7855 -101.509 -15.2503
12.3474 -89.4024 29.3515
11.188 -90.074 19.7657
11.4577 -93.8368 13.429
11.0142 -97.6932 7.1108
10.382 -101.782 1.291
10.5261 -106.998 -5.86411
9.3462 -109.03 -13.4768
14.2292 -101.399 -15.7342
14.6142 -93.5353 -20.3773
17.9922 -96.1316 -10.8682
15.2684 -96.3482 -1.8235
-14.5572 -92.8898 -20.892
